  0.00000000    0.00000000
  0.06122449    0.08923533
  0.12244898    0.17252303
  0.18367347    0.24854732
  0.24489796    0.31568498
  0.30612245    0.37195472
  0.36734694    0.41498399
  0.42857143    0.44202279
  0.48979592    0.45005456
  0.55102041    0.43607742
  0.61224490    0.39763753
  0.67346939    0.33365354
  0.73469388    0.24542827
  0.79591837    0.13749746
  0.85714286    0.01775949
  0.91836735   -0.10354603
  0.97959184   -0.21584996
  1.04081633   -0.31041565
  1.10204082   -0.38169873
  1.16326531   -0.42752518
  1.22448980   -0.44839056
  1.28571429   -0.44644746
  1.34693878   -0.42460659
  1.40816327   -0.38591890
  1.46938776   -0.33322914
  1.53061224   -0.26902395
  1.59183673   -0.19539610
  1.65306122   -0.11406788
  1.71428571   -0.02643874
  1.77551020    0.06636153
  1.83673469    0.16342297
  1.89795918    0.26401241
  1.95918367    0.36753781
  2.02040816    0.47351943
  2.08163265    0.58156693
  2.14285714    0.69136120
  2.20408163    0.80264010
  2.26530612    0.91518716
  2.32653061    1.02882275
  2.38775510    1.14339705
  2.44897959    1.25878447
  2.51020408    1.37487926
  2.57142857    1.49159192
  2.63265306    1.60884637
  2.69387755    1.72657770
  2.75510204    1.84473024
  2.81632653    1.96325607
  2.87755102    2.08211381
  2.93877551    2.20126757
  3.00000000    2.32068611
